$ANSIBLE_VAULT;1.1;AES256
38626634656565386432663866373238306361623365303065353761303834383132663733633366
6536626334353836396364323233393961336136356662340a313663393930356238643339393535
37316131323861333562386432313731356165333336386636653161666437333531663262373734
3463356639643166660a653437313036393335373161333531383031626263323663373965363961
33306237656664316333386530346264326138336336303537353033366661393036643633393832
63306131323131383539383866383334313031613834306634376163303862353238663863653739
37393539333935656163623639646131633732343331313934663633383636613133646535313963
61656461343830366138663033303330363334323131626139623234646334356436376163346534
31316565626264386430343265313866626165333537383139663630313234636438613162613562
39386238613264626435393738666631326433323637363537393064343139323062306465633365
66323538363430616462373263383533663565626138636238353465353234643332383637336431
32663835666266323739
